score	position
1.9	1
2.8	2
4.2	3
2.8	4
3.8	5
4.2	6
3.8	7
3.8	8
-1.6	9
3.8	10
4.2	11
-0.8	12
-0.8	13
-3.5	14
2.5	15
4.2	16
-3.5	17
3.8	18
-0.7	19
-0.4	20
-0.4	21
-0.8	22
-0.4	23
-0.4	24
-0.4	25
-0.4	26
-0.8	27
-0.4	28
-0.4	29
-0.8	30
-1.6	31
1.8	32
-4.5	33
1.9	34
1.8	35
-0.4	36
-3.5	37
-0.4	38
-0.4	39
-3.5	40
1.8	41
1.8	42
3.8	43
1.8	44
3.8	45
3.8	46
3.8	47
3.8	48
-3.5	49
-4.5	50
3.8	51
-3.5	52
-3.5	53
3.8	54
-3.5	55
-0.8	56
-3.9	57
1.9	58
-0.8	59
-0.4	60
-3.9	61
-0.4	62
-3.5	63
-3.5	64
-3.5	65
-3.5	66
-0.4	67
-3.5	68
-0.7	69
4.2	70
-0.7	71
-3.9	72
-3.9	73
-0.8	74
1.8	75
1.8	76
-3.5	77
1.8	78
-0.8	79
-3.9	80
-3.9	81
-1.6	82
-4.5	83
-3.5	84
-3.9	85
-4.5	86
-0.7	87
1.8	88
-0.7	89
-3.9	90
1.8	91
-1.3	92
-3.5	93
4.2	94
-0.7	95
-3.5	96
1.8	97
2.8	98
-0.4	99
-4.5	100
-4.5	101
-0.4	102
-1.6	103
-3.5	104
-3.5	105
-0.7	106
-3.5	107
-0.4	108
-3.5	109
2.8	110
-0.4	111
-3.5	112
-3.5	113
-3.5	114
3.8	115
4.5	116
-4.5	117
-3.5	118
-0.4	119
-0.7	120
-3.5	121
-1.3	122
-3.9	123
-3.2	124
-0.9	125
-1.6	126
-3.5	127
4.5	128
1.8	129
-3.5	130
2.8	131
1.8	132
-1.6	133
-0.8	134
1.8	135
-0.8	136
1.8	137
2.8	138
2.8	139
-0.4	140
1.9	141
-0.8	142
-4.5	143
4.5	144
-0.4	145
1.9	146
-3.5	147
4.2	148
-0.7	149
-1.6	150
-0.8	151
-0.4	152
-0.7	153
-0.9	154
3.8	155
-0.7	156
-1.3	157
-0.7	158
-0.4	159
1.8	160
4.5	161
-3.9	162
3.8	163
-3.5	164
-3.5	165
-3.9	166
-3.5	167
-1.6	168
-3.5	169
2.8	170
-3.9	171
-3.5	172
-3.5	173
4.2	174
4.5	175
3.8	176
3.8	177
-3.5	178
-3.9	179
-3.2	180
4.5	181
-3.5	182
1.8	183
-1.3	184
-3.9	185
-0.7	186
2.8	187
-1.6	188
-1.6	189
-0.7	190
-3.5	191
-1.6	192
-3.9	193
-3.9	194
-3.5	195
-3.9	196
2.8	197
-3.9	198
1.8	199
1.8	200
1.9	201
4.2	202
-0.7	203
-3.5	204
-3.5	205
-0.7	206
2.8	207
-0.7	208
3.8	209
-3.9	210
4.2	211
-1.6	212
-3.2	213
4.2	214
-0.4	215
-3.5	216
4.5	217
-1.6	218
4.2	219
1.8	220
-1.3	221
-4.5	222
-3.9	223
4.2	224
3.8	225
3.8	226
-3.9	227
-0.7	228
4.5	229
-3.5	230
-1.6	231
-4.5	232
4.2	233
-3.5	234
-3.9	235
-1.3	236
3.8	237
2.8	238
-3.5	239
-3.5	240
-0.8	241
-0.4	242
-3.5	243
2.8	244
-3.9	245
3.8	246
-0.8	247
-3.5	248
4.2	249
-0.4	250
-1.6	251
-3.5	252
-3.2	253
-0.8	254
3.8	255
1.8	256
-3.5	257
-1.3	258
-1.3	259
4.5	260
2.8	261
2.8	262
1.8	263
-0.8	264
2.8	265
-1.3	266
-1.3	267
-3.9	268
-4.5	269
-3.5	270
-0.4	271
2.8	272
1.8	273
-1.3	274
1.8	275
-3.5	276
-4.5	277
-3.5	278
-4.5	279
2.8	280
3.8	281
-1.3	282
4.5	283
4.5	284
-3.9	285
3.8	286
4.5	287
2.8	288
3.8	289
-0.9	290
3.8	291
3.8	292
-0.9	293
-1.6	294
4.2	295
-0.7	296
3.8	297
1.8	298
2.5	299
2.8	300
4.2	301
3.8	302
1.8	303
1.8	304
4.2	305
-1.3	306
-4.5	307
4.5	308
-3.5	309
-0.9	310
4.5	311
-0.7	312
-0.4	313
-0.4	314
4.5	315
1.8	316
4.5	317
1.8	318
1.9	319
1.8	320
2.5	321
3.8	322
4.2	323
-0.4	324
3.8	325
1.9	326
-0.9	327
3.8	328
-0.8	329
-1.3	330
2.8	331
4.5	332
1.8	333
-0.8	334
2.8	335
-4.5	336
3.8	337
2.8	338
-1.3	339
-3.5	340
-0.8	341
2.8	342
-3.2	343
-0.7	344
-0.7	345
-3.5	346
-1.6	347
-0.8	348
2.8	349
3.8	350
-0.4	351
-4.5	352
-1.3	353
1.9	354
-0.8	355
1.8	356
3.8	357
2.8	358
1.8	359
-3.5	360
-3.5	361
3.8	362
-3.5	363
-3.5	364
3.8	365
-0.7	366
-0.4	367
-1.3	368
-3.2	369
-0.7	370
-3.5	371
2.8	372
-0.8	373
-0.8	374
-3.5	375
4.5	376
4.5	377
-0.4	378
-1.3	379
-3.5	380
3.8	381
1.9	382
2.5	383
-3.5	384
-1.6	385
4.5	386
3.8	387
3.8	388
1.8	389
-3.5	390
1.8	391
-3.5	392
3.8	393
1.8	394
-3.9	395
-3.5	396
4.2	397
-0.8	398
3.8	399
4.5	400
3.8	401
-0.4	402
-0.7	403
4.2	404
-0.8	405
-0.9	406
-3.5	407
3.8	408
-3.9	409
-3.9	410
-3.5	411
-0.4	412
3.8	413
-0.4	414
-4.5	415
2.5	416
-3.5	417
4.5	418
-3.9	419
-3.5	420
3.8	421
-1.6	422
-3.9	423
-3.5	424
4.5	425
-0.7	426
4.2	427
1.8	428
-0.7	429
-0.8	430
-4.5	431
-0.7	432
3.8	433
-0.8	434
-1.3	435
-1.3	436
-3.9	437
3.8	438
-0.4	439
1.8	440
-0.8	441
-3.5	442
-4.5	443
4.2	444
1.8	445
-1.3	446
-4.5	447
-0.8	448
-1.3	449
3.8	450
3.8	451
-0.8	452
1.8	453
-0.4	454
4.5	455
2.8	456
-0.4	457
1.8	458
4.5	459
-0.7	460
-3.5	461
4.2	462
2.8	463
-1.3	464
-3.9	465
-3.5	466
-3.5	467
-0.8	468
-1.3	469
-3.9	470
4.2	471
-1.6	472
-0.7	473
-3.5	474
-3.5	475
-1.3	476
4.5	477
-0.7	478
-0.7	479
-1.3	480
1.8	481
-4.5	482
1.9	483
1.8	484
1.8	485
-1.6	486
-3.9	487
-3.5	488
4.5	489
4.5	490
2.8	491
3.8	492
-3.5	493
-0.4	494
-3.5	495
-0.7	496
3.8	497
2.8	498
-0.4	499
-3.5	500
-3.5	501
-0.7	502
4.2	503
4.5	504
-3.5	505
4.2	506
1.8	507
4.5	508
4.5	509
3.8	510
1.8	511
-0.8	512
2.8	513
-0.8	514
1.8	515
-0.8	516
-0.7	517
-4.5	518
-4.5	519
-4.5	520
-0.4	521
-0.4	522
-0.4	523
-0.8	524
-0.4	525
-0.4	526
-0.4	527
-0.4	528
-0.8	529
-0.4	530
-0.4	531
-3.5	532
-3.5	533
-1.3	534
4.5	535
-3.9	536
-0.9	537
-1.6	538
-0.9	539
-1.3	540
4.5	541
-0.9	542
3.8	543
-0.4	544
2.8	545
4.5	546
1.8	547
-0.4	548
3.8	549
4.5	550
1.8	551
4.5	552
4.2	553
1.9	554
4.2	555
-0.7	556
4.5	557
1.9	558
3.8	559
2.5	560
2.5	561
1.9	562
-0.7	563
-0.8	564
2.5	565
2.5	566
-0.8	567
2.5	568
3.8	569
-3.9	570
-0.4	571
2.5	572
2.5	573
-0.8	574
2.5	575
-0.4	576
-0.8	577
2.5	578
2.5	579
-3.9	580
2.8	581
-3.5	582
-3.5	583
-3.5	584
-3.5	585
-0.8	586
-3.5	587
-1.6	588
4.2	589
3.8	590
-3.9	591
-0.4	592
4.2	593
-3.9	594
3.8	595
-3.2	596
-1.3	597
-0.7	598
